
SECTION 1


evt 0
	pufpitch -1,6100,6120,5500,5520,4400,4420,5900,5300
	pufcf -1,69,67,65,67,53,54,64,62
	pufbw -1,0,0,0,0,45,50,48,40

evt 1
	pufamp -1,127,127,138,138

evt 3
	amp5 137
	amp6 137

evt 4
	amp7 127

evt 5
	amp8 127

evt 6
	pitch3 5000,100
	pitch4 5020,100
	pitch5 4200,100
	pitch6 4220,100
	300
	300
	3400
	amptutti8 0,500

evt 7
	amptutti8 0,500

evt 12
	125
	200
	50
	amp1 127
	cf1 65
	bw1 58
	shift1 0
	vamp1 0
	vfreq1 0
	amp2 127
	pitch2 6300
	cf2 68
	bw2 61
	shift2 0
	vamp2 0
	vfreq2 0
	amp3 127
	pitch3 6400
	cf3 70
	bw3 65
	shift3 0
	vamp3 0
	vfreq3 0
	amp4 127
	pitch4 6600
	cf4 71
	bw4 59
	shift4 0
	vamp4 0
	vfreq4 0
	amp5 127
	pitch5 6700
	cf5 71
	bw5 59
	shift5 0
	vamp5 0
	vfreq5 0

evt 24
	125
	amptutti8 0

evt 26
	amp1 0
	pitch1 4000
	cf1 95
	bw1 0
	amp2 0
	pitch2 4020
	cf2 96
	bw2 0

evt 27
	amp1 140,5
	amp2 140,5
	30
	amp1 0,5
	amp2 0,5
	30
	cf1 52,10
	bw1 62,10
	cf2 52,10
	bw2 54,10
	30
	amp1 140,5
	amp2 140,5
	600
	amp1 127,500
	amp2 127,500

evt 29
	575
	amp2 0

evt 30
	pufpitch -1,4000,9900,10200,10000,9300,9200,9700,8600
	pufcf -1,48,107,113,111,96,96,112,95
	pufbw -1,57,62,80,87,75,75,84,64
	pufvfreq -1,13,84,88,99,40,112,101,51

evt 31
	amp2 0
	125
	125
	amp2 110,5

evt 32
	amp3 0
	125
	125
	125
	amp3 110,5
	125
	amp4 110,5

evt 33
	125
	125
	amp5 110,5
	125
	amp6 110,5

evt 36
	625
	125
	125
	125
	amp7 110,5
	125
	125
	amp8 115,5

evt 46
	125
	125
	125
	125
	amptutti8 0,50

evt 48
	pufpitch -1,6100,6120,6700,6720
	pufcf -1,74,74,79,79
	pufbw -1,54,54,41,41
	pufvfreq -1,0,0,0,0,0,0,0,0
	amp1 127
	amp2 127

evt 49
	amp3 127
	amp4 127

evt 87
	amp3 0
	amp4 0
	100
	pitch3 6900
	pitch4 6800
	cf3 104
	cf4 99
	bw3 43
	bw4 40

evt 88
	amp2 0,100
	amp1 0,100
	amp3 140,5
	amp4 140,5
	30
	amp3 0,5
	amp4 0,5
	30
	cf3 73,100
	cf4 75,100
	30
	amp3 127,5
	amp4 127,5
	200
	pitch1 7000
	cf1 104
	bw1 43

evt 89
	amp1 140,5
	30
	amp1 0,5
	30
	cf1 74,100
	30
	amp1 127,5

evt 91
	amptutti4 0,100
	200
	pitch1 7000
	cf1 104
	bw1 43

evt 92
	amp1 140,5
	50
	amp1 0,5
	30
	cf1 74,100
	30
	amp1 127,5
	200
	pitch2 7500
	cf2 104
	bw2 43

evt 93
	amp2 140,5
	50
	amp2 0,5
	30
	cf2 81,100
	30
	amp2 127,5

evt 95
	amptutti4 0,100
	200
	pitch4 6400
	cf4 104
	bw4 43

evt 96
	amp4 140,5
	50
	amp4 0,5
	30
	cf4 72,100
	30
	amp4 127,5
	200
	pitch1 6700
	cf1 104
	bw1 43

evt 97
	amp1 156,5
	50
	amp1 0,5
	30
	cf1 74,100
	30
	amp1 127,5

evt 98
	amptutti4 0,100
	100
	pitch3 8000
	cf3 104
	bw3 52

evt 99
	amp3 140,5
	50
	amp3 0,5
	30
	cf3 87,100
	30
	amp3 127,5
	200
	pitch2 7400
	cf2 114

evt 100
	amp2 140,5
	50
	amp2 0,5
	30
	cf2 81,100
	30
	amp2 127,5

evt 107
	amptutti4 0,100

SECTION 2


evt 2
	pufpitch -1,5600,5900,6100,6900
	pufcf -1,61,65,69,79
	pufbw -1,40,48,50,57

evt 4
	amptutti4 127,5

evt 7
	amptutti4 0,100

evt 24
	pufpitch -1,6900,7400,7500,7000,7600
	pufcf -1,73,75,80,76,80
	pufbw -1,30,47,49,55,65
	shift2 74
	vamp4 4
	vfreq4 83
	vamp5 3
	vfreq5 102

evt 25
	amp1 127,5
	amp2 0,125,200
	amp3 0,127,600
	amp4 0,127,900

evt 26
	amp4 127
	amp5 127,5
	amp1 0,100
	amp2 0,100
	amp3 0,100

evt 33
	amptutti8 0,100
	shift2 0
	vamp2 0
	vfreq2 0
	vamp5 0
	vfreq5 0
	pufpitch -1,5200,5400,6100,6300,6900,7200,7400,7400
	pufcf -1,56,62,72,74,79,83,82
	pufbw -1,42,39,49,54,59,58,69,66

evt 34
	amptutti4 60,127,300

evt 35
	amp5 0,127,200
	amp6 0,127,200
	amp7 0,127,200
	vamptutti 13,1,6000
	vfreqtutti 110,2,4000

evt 36
	amptutti8 0,200

evt 51
	100
	100
	100
	100
	100
	pufpitch -1,9900,9800,7300,9200,5400,5700
	pufcf -1,100,100,83,99,59,61
	pufbw -1,82,72,51,68,69,70
	pufvfreq -1,114,114,103,103
	shift5 43
	shift6 44

evt 52
	100
	100
	100
	100
	100
	100
	100
	amp1 127,5

evt 53
	amp2 127,5
	100
	100
	100
	amp3 127,5
	100
	100
	100
	100
	100
	100
	100
	100
	100
	amp4 127,5

evt 54
	100
	100
	100
	100
	100
	100
	100
	100
	100
	100
	100
	100
	100
	100
	100
	100
	100
	amp5 127,5
	100
	amp6 127,5

evt 55
	amptutti8 0,200

evt 56
	pufpitch -1,8900,8900,800,900
	pufcf -1,100,103,101,101
	pufbw -1,9,17,17,24

evt 57
	amptutti4 110,200
	200
	800
	amptutti4 110,130,300

evt 58
	amptutti4 0,5

evt 59
	pufpitch -1,5900,5500,5600,4600
	pufcf -1,65,63,64,57
	pufbw -1,54,54,41,40
	pufvfreq -1,0,0,0,0
	shift3 97
	shift4 80

evt 60
	amp1 127,5

evt 61
	amp2 127,5

evt 62
	amp3 150,5
	amp4 150,5
	100
	amp3 127,5
	amp4 127,5

evt 64
	amptutti8 0,200
	pufpitch -1,8100,8600,9400,9900,9300,9200
	pufcf -1,93,100,106,109,107,113
	pufbw -1,64,62,70,80,74,79
	vamptutti 7
	vfreqtutti 118

evt 65
	amp1 127,5

evt 66
	amp2 127,5

evt 68
	amp3 127,5

evt 69
	amp4 127,5

evt 70
	amptutti4 0,200

evt 73
	shift5 0
	shift6 0
	bw5 98
	bw6 97
	amp5 127,5

evt 74
	amp6 127,5

evt 76
	amp5 0,200
	amp6 0,200

evt 80
	2000
	amptutti8 0

SECTION 3


evt 0
	pufpitch -1,5500,6300,6900,7400,8000,9400
	pufcf -1,59,66,73,79,82,93
	pufbw -1,40,51,52,57,51,71

evt 1
	shift4 80
	shift5 43
	shift6 44
	env1 -1,150,5,120,900,-2
	env2 -1,150,5,120,900,-2
	env3 -1,150,5,110,500,-2
	env4 -1,150,5,110,500,-2
	env5 -1,150,5,110,500,-2
	env6 -1,150,5,110,500,-2
	amp5 127,5
	amp6 127,5

evt 2
	amptutti8 0,5
	pufpitch -1,5200,6300,5200,6300,6800,7400,6800,7400
	pufcf -1,55,69,61,71,73,77,84,83
	pufbw -1,40,51,49,50,54,51,66,65
	50
	env1 -1,150,5,127,900,-2
	env2 -1,150,5,127,900,-2
	env3 -1,150,5,110,500,-2
	env4 -1,150,5,110,500,-2
	env5 -1,150,5,110,500,-2
	env6 -1,150,5,110,500,-2

evt 3
	amptutti8 0,5
	pufpitch -1,5600,6100,6900,7400,8400,8700,8420,8720
	10
	pufcf -1,64,74,78,83,92,90,95,92
	pufbw -1,40,51,54,42,40,34,28,29
	50
	env1 -1,150,5,110,500,-2
	env2 -1,150,5,110,500,-2
	env3 -1,150,5,110,500,-2
	env4 -1,150,5,110,500,-2
	env5 -1,150,5,110,500,-2
	env6 -1,150,5,110,500,-2

evt 4
	amptutti8 0,5
	pufpitch -1,5600,6100,5600,6100,6900,6900
	pufcf -1,65,70,64,69,69,76
	pufbw -1,53,55,42,34,33,47
	50
	env1 -1,150,5,135,900,-2
	env2 -1,150,5,135,900,-2
	env3 -1,150,5,127,500,-2
	env4 -1,150,5,127,500,-2
	env5 -1,150,5,110,500,-2
	env6 -1,150,5,110,500,-2

evt 5
	amptutti8 0,5
	pufpitch -1,5100,5600,5100,5600,6600,6900,6600,6900
	50
	env1 -1,150,5,127,900,-2
	env2 -1,150,5,127,900,-2
	env3 -1,150,5,127,500,-2
	env4 -1,150,5,127,500,-2
	env5 -1,150,5,127,500,-2
	env6 -1,150,5,110,500,-2

evt 6
	amptutti8 0,5
	pufpitch -1,6300,6300,6900,6900,7100,8000,8800,9400
	pufcf -1,66,71,76,86,75,84,92,99
	pufbw -1,47,31,34,17,49,78,28,29
	50
	env1 -1,150,5,110,500,-2
	env2 -1,150,5,110,500,-2
	env3 -1,150,5,110,500,-2
	env4 -1,150,5,110,500,-2
	env5 -1,150,5,110,500,-2
	env6 -1,150,5,110,500,-2

evt 7
	amptutti8 0,5
	pufpitch -1,5000,5000,5600,6100,6400,6900,7500,7500
	pufcf -1,50,52,63,68,67,72,82,84
	pufbw -1,37,28,28,17,40,43,35,48
	50
	env1 -1,150,5,110,500,-2
	env2 -1,150,5,110,500,-2
	env3 -1,150,5,110,500,-2
	env4 -1,150,5,110,500,-2
	env5 -1,150,5,110,500,-2
	env6 -1,150,5,110,500,-2

evt 8
	amptutti8 0,5
	pufpitch -1,4400,4900,5500,5800,6300,6900,7400,7400
	pufcf -1,47,52,64,69,71,76,84,89
	pufbw -1,42,45,44,53,46,43,35,48
	50
	env1 -1,150,5,110,500,-2
	env2 -1,150,5,110,500,-2
	env3 -1,150,5,110,500,-2
	env4 -1,150,5,110,500,-2
	env5 -1,150,5,110,500,-2
	env6 -1,150,5,110,500,-2

evt 9
	amptutti8 0,10

evt 10
	pufpitch -1,4400,5500,6400,6900,7400,8200,8700
	pufcf -1,50,70,76,80,87,87,97
	pufbw -1,38,47,52,63,57,59,69
	vamptutti 0
	vfreqtutti 0
	shifttutti 0
	env1 -1,150,5,80,600,-2
	env2 -1,150,5,80,600,-2
	env3 -1,150,5,80,200,-2
	env4 -1,150,5,80,200,-2
	env5 -1,150,5,80,200,-2
	env6 -1,150,5,80,200,-2
	env7 -1,150,5,80,200,-2
	1000
	amptutti8 0,5
	pufpitch -1,5800,6400,6900,7100,7500,7700,8000
	pufcf -1,70,76,76,81,90,87,93
	pufbw -1,38,43,52,66,46,59,66

evt 11
	env1 -1,140,5,80,600,-2
	env2 -1,140,5,80,600,-2
	env3 -1,140,5,80,200,-2
	env4 -1,140,5,80,200,-2
	env5 -1,140,5,80,200,-2
	env6 -1,140,5,80,200,-2
	env7 -1,140,5,80,200,-2
	100
	amptutti8 0,5
	pufpitch -1,6200,7000,7600,8100,8300,8700,9200
	pufcf -1,64,73,85,90,94,98,105
	pufbw -1,59,55,66,66,70,77,79

evt 12
	env1 -1,140,5,80,600,-2
	env2 -1,140,5,80,600,-2
	env3 -1,140,5,80,200,-2
	env4 -1,140,5,80,200,-2
	env5 -1,140,5,80,200,-2
	env6 -1,140,5,80,200,-2
	env7 -1,140,5,80,200,-2
	300
	amptutti8 0,5
	pufpitch -1,4900,5800,6300,6800,7400,7900,9300
	pufcf -1,58,67,73,78,82,87,106
	pufbw -1,39,40,53,58,71,68,84

evt 13
	env1 -1,140,5,120,600,-2
	env2 -1,140,5,120,600,-2
	env3 -1,140,5,120,200,-2
	env4 -1,140,5,120,200,-2
	env5 -1,140,5,120,200,-2
	env6 -1,140,5,120,200,-2
	env7 -1,140,5,120,200,-2

evt 14
	amptutti8 0,5
	100
	pufpitch -1,4300,5100,5900,6800,7400,8200,8800
	pufcf -1,68,64,73,90,88,90,103
	pufbw -1,44,47,64,68,82,66,72
	150
	env1 -1,140,5,80,600,-2
	env2 -1,140,5,80,600,-2
	env3 -1,140,5,80,200,-2
	env4 -1,140,5,80,200,-2
	env5 -1,140,5,80,200,-2
	env6 -1,140,5,80,200,-2
	env7 -1,140,5,80,200,-2
	300
	amptutti8 0,5

evt 15
	pufpitch -1,5700,6500,7200,7600,8300,9200,9200
	pufcf -1,68,74,82,87,92,99,102
	pufbw -1,48,54,68,77,81,66,65
	100
	env1 -1,140,5,80,600,-2
	env2 -1,140,5,80,600,-2
	env3 -1,140,5,80,200,-2
	env4 -1,140,5,80,200,-2
	env5 -1,140,5,80,200,-2
	env6 -1,140,5,80,200,-2
	env7 -1,140,5,80,200,-2
	50
	amptutti8 0,5
	pufpitch -1,5600,6200,7100,7600,8200,8700,8700
	pufcf -1,58,63,80,86,85,89,94
	pufbw -1,41,45,68,60,52,60,57
	50
	env1 -1,140,5,80,600,-2
	env2 -1,140,5,120,600,-2
	env3 -1,140,5,120,200,-2
	env4 -1,140,5,120,200,-2
	env5 -1,140,5,120,200,-2
	env6 -1,140,5,120,200,-2
	env7 -1,140,5,120,200,-2
	60
	amptutti8 0,5

evt 16
	amptutti8 0,5
	pufpitch -1,5800,6100,6400,6700,6900,7500,7700,8000
	pufcf -1,62,65,74,73,72,80,87,89
	pufbw -1,48,56,56,49,40,45,57,57
	10
	env1 -1,156,5,80,600,-2
	env2 -1,156,5,80,600,-2
	env3 -1,156,5,80,200,-2
	env4 -1,156,5,80,200,-2
	env5 -1,156,5,80,200,-2
	env6 -1,156,5,80,200,-2
	env7 -1,156,5,80,200,-2

evt 17
	amptutti8 0,5
	pufpitch -1,5200,5800,6300,6700,6900,7400
	pufcf -1,61,63,70,74,71,78
	pufbw -1,46,43,49,45,34,35
	pufamp -1,127,127,145,145,127,127

evt 18
	pufpitch -1,4500,4800,5000,5600,6100,6300,6700
	pufcf -1,54,56,68,71,64,69,73
	pufbw -1,32,34,37,41,41,22,54
	pufamp -1,127,127,127,127,127,143,145

evt 19
	pitch1 7200
	pitch2 7800
	100
	cf1 83,500
	cf2 85,700
	bw1 22,200
	bw2 54,300
	amp1 134,300
	amp2 138,300

evt 20
	amp1 119,400
	amp2 119,400
	amp3 140,400
	amp4 140,400
	amp5 140,400
	pufpitch -1,7200,7800,4600,4900,5700
	pufcf -1,83,85,61,63,71
	pufbw -1,22,54,25,13,27
	amp7 0,500
	amp6 0,500
	amp8 0,500
	1500
	1300
	100
	amptutti5 0,5
	pufpitch -1,7000,7500,8100,8000,8600
	pufcf -1,85,86,91,91,95
	pufbw -1,61,49,57,66,67

evt 21
	10
	env1 -1,150,5,0,200,-2
	env2 -1,150,5,0,200,-2
	env3 -1,150,5,0,200,-2

evt 22
	env4 -1,150,5,0,200,-2
	env5 -1,150,5,0,200,-2
	pufpitch -1,7000,7500,8100,6800,7900,8600
	cf6 103
	bw6 75

evt 23
	env1 -1,150,5,0,200,-2
	env2 -1,150,5,0,200,-2
	env3 -1,150,5,0,200,-2

evt 24
	env4 -1,150,5,0,200,-2
	env5 -1,150,5,0,200,-2
	env6 -1,1,140,56,5,0,200,-2
	pufpitch -1,5900,7000,7500,6500,6900,7600,8000
	pufcf -1,66,72,81,75,75,89,98
	pufbw -1,44,43,49,61,50,73,83

evt 25
	env1 -1,150,5,0,200,-2
	env2 -1,150,5,0,200,-2
	env3 -1,150,5,0,200,-2

evt 26
	env4 -1,150,5,0,200,-2
	env5 -1,150,5,0,200,-2
	env6 -1,150,5,0,200,-2
	env7 -1,150,5,0,200,-2
	pufpitch -1,5800,6300,6900,5900,6200,6800,7000,7600
	pufcf -1,59,67,73,63,64,72,75,82
	pufbw -1,44,42,49,40,37,49,60,45

evt 27
	env1 -1,150,5,0,200,-2
	env2 -1,150,5,0,200,-2
	env3 -1,150,5,0,200,-2

evt 28
	env4 -1,150,5,0,200,-2
	env5 -1,150,5,0,200,-2
	env6 -1,150,5,0,200,-2
	env7 -1,150,5,0,200,-2
	env8 -1,150,5,0,200,-2
	pufpitch -1,5100,5700,5900,6200,4500,5600,6400,7000
	pufcf -1,53,66,70,63,47,61,76,81
	pufbw -1,33,42,38,40,28,40,56,56

evt 29
	env1 -1,150,5,0,200,-2
	env2 -1,150,5,0,200,-2
	env3 -1,150,5,0,200,-2
	env4 -1,150,5,0,200,-2

evt 30
	env1 -1,150,5,0,200,-2
	env3 -1,150,5,0,200,-2
	env5 -1,150,5,0,200,-2
	env6 -1,150,5,0,200,-2
	env7 -1,150,5,0,200,-2
	env8 -1,150,5,0,200,-2

evt 31
	pufpitch -1,4000,4700,5100,3400,4200,5200,5700
	pufcf -1,48,56,63,61,59,55,68,81
	pufbw -1,35,32,37,56,48,34,49,56

evt 32
	300
	env1 -1,150,5,0,200,-2
	env2 -1,150,5,0,200,-2
	env3 -1,150,5,0,200,-2
	100
	env4 -1,150,5,130,200,-2
	env5 -1,150,5,130,200,-2
	env6 -1,150,5,120,200,-2
	env7 -1,150,5,120,200,-2

evt 33
	amptutti8 0,5
	pufpitch -1,8500,9000,9100,9600,7700,8300,9800
	pufcf -1,96,101,101,112,86,88,111,81
	pufbw -1,71,79,80,96,65,65,92,56
	shift1 60
	shift2 150
	shift3 151
	shift4 144
	shift5 121
	shift6 128
	shift7 148

evt 34
	env1 -1,156,5,120,200,-2
	env2 -1,156,5,120,200,-2

evt 35
	env3 -1,156,5,120,200,-2
	env4 -1,156,5,120,200,-2

evt 36
	env5 -1,156,5,100,200,-2
	env6 -1,156,5,100,200,-2

evt 37
	env7 -1,156,5,100,200,-2

evt 38
	pitch5 8000
	env5 -1,156,5,120,200,-2
	env6 -1,156,5,120,200,-2

evt 39
	env7 -1,156,5,120,200,-2
	amptutti4 0
	pufpitch -1,6400,6900,8000,8300
	pufcf -1,88,87,101,98
	pufbw -1,54,59,68,76
	shift1 0
	shift2 0
	shift3 0
	shift4 0

evt 40
	env1 -1,156,5,120,200,-2
	env2 -1,156,5,120,200,-2
	amp5 0,5
	amp6 0,5
	amp7 0,5
	amp8 0,5

evt 41
	env3 -1,156,5,120,200,-2
	env4 -1,156,5,120,200,-2
	pufpitch -1,6400,6900,8000,8300,8500,9600,7800,8900
	pufcf -1,88,87,101,98,100,107,95,100
	pufbw -1,54,59,68,76,76,82,81,86
	shift5 0
	shift6 0
	shift7 0
	shift8 0

evt 42
	env5 -1,156,5,120,200,-2
	env6 -1,156,5,120,200,-2
	amptutti4 0,5

evt 43
	env7 -1,156,5,120,200,-2
	env8 -1,156,5,120,200,-2
	pufpitch -1,7100,7400,9200,6500
	pufcf -1,77,89,104,81
	pufbw -1,49,68,75,60
	shift1 132
	shift2 134
	shift3 0
	shift4 125
	vamp3 5
	vfreq3 119

evt 44
	env1 -1,156,5,120,200,-2
	env2 -1,156,5,120,200,-2

evt 45
	env3 -1,156,5,120,200,-2

evt 46
	env2 -1,156,5,120,200,-2
	env4 -1,156,5,120,200,-2

evt 47
	env3 -1,156,5,120,200,-2
	amp5 0
	amp6 0
	amp7 0
	amp8 0
	pufcf -1,77,89,104,81,77,81,85,83
	pufbw -1,49,68,75,60,38,51,60,51
	shift5 130

evt 48
	env5 -1,156,5,0,200,-2
	env6 -1,156,5,0,200,-2
	env7 -1,156,5,0,200,-2
	env8 -1,156,5,0,200,-2
	amptutti4 0
	100
	vamp3 0
	vfreq3 0
	pufpitch -1,7500,8000,8300,8900
	pufcf -1,80,88,102,95
	pufbw -1,63,68,93,77
	shift1 135
	shift2 147
	shift3 143
	shift4 0

evt 49
	env1 -1,156,5,0,200,-2
	env2 -1,156,5,0,200,-2
	env3 -1,156,5,0,200,-2
	env4 -1,156,5,0,200,-2
	amp5 0,5
	amp6 0,5
	amp7 0,5
	amp8 0,5
	500
	amptutti4 0
	pufpitch -1,7900,8400,8900,9500,9800,9700,7600,8100
	pufcf -1,94,98,110,117,113,108,95,89
	pufbw -1,75,73,88,108,122,116,72,103
	shift1 151
	shift2 144
	shift3 137
	shift4 168
	shift5 0
	shift6 0
	shift7 148
	shift8 160

evt 50
	env1 -1,156,5,120,200,-2

evt 51
	env2 -1,156,5,120,200,-2

evt 52
	env3 -1,156,5,120,200,-2

evt 53
	env4 -1,156,5,120,200,-2

evt 54
	env5 -1,156,5,120,200,-2

evt 55
	env6 -1,156,5,120,200,-2

evt 56
	env7 -1,156,5,120,200,-2

evt 57
	env8 -1,156,5,120,200,-2

evt 58
	env1 -1,156,5,0,100,-2
	env2 -1,156,5,0,100,-2
	env3 -1,156,5,0,100,-2
	env4 -1,156,5,0,100,-2
	env5 -1,156,5,0,100,-2
	env6 -1,156,5,0,100,-2
	env7 -1,156,5,0,100,-2
	env8 -1,156,5,0,100,-2
	pufpitch -1,5900,6700,7000,7600,8100,8900,9700,9800
	pufcf -1,68,69,77,85,86,91,107,110
	pufbw -1,52,47,49,54,59,74,95,101
	shift1 0
	shift2 0
	shift3 0
	shift4 0
	shift5 0
	shift6 0
	shift7 159
	shift8 165

evt 59
	env1 -1,156,5,110,100,-2
	env2 -1,156,5,110,100,-2
	env3 -1,156,5,110,100,-2
	env4 -1,156,5,110,100,-2
	env5 -1,156,5,110,100,-2
	env6 -1,156,5,110,100,-2
	env7 -1,156,5,110,100,-2
	env8 -1,156,5,110,100,-2

evt 60
	amp7 0
	amp8 0

evt 61
	amp5 0
	amp6 0

evt 62
	amp3 0
	amp4 0

evt 63
	amp1 0
	amp2 0

evt 78
	130
	100
	100
	100
	amptutti8 0

evt 101
	pufpitch -1,8200,8700,6000,6200,4900,8100,7700
	pufcf -1,92,98,76,74,62,93,93
	pufbw -1,70,69,72,70,51,67,63
	pufvfreq -1,113,113,0,0,0,113,113
	env1 -1,156,5,120,200,-2
	shift7 0
	shift3 111
	shift4 104
	shift5 108

evt 102
	env2 -1,156,5,120,200,-2
	250
	env3 -1,156,5,120,200,-2
	env4 -1,156,5,120,200,-2
	125
	env5 -1,156,5,120,200,-2

evt 103
	env6 -1,156,5,120,200,-2

evt 104
	amp6 0,100

evt 105
	env7 -1,156,5,120,200,-2
	amp3 0,500
	amp4 0,500
	amp5 0,500
	pitch6 8200

evt 106
	env6 -1,156,5,120,200,-2
	pufpitch -1,8200,8700,6500,7100,5700,8200,5500,4400
	pufcf -1,92,98,76,74,62,93,68,57
	pufbw -1,70,69,72,70,51,67,51,48
	pufvfreq -1,113,113,0,0,0,113,0,0
	shift4 116
	shift7 81
	shift8 84
	250
	env3 -1,156,5,120,200,-2
	env4 -1,156,5,120,200,-2
	250
	env5 -1,156,5,120,200,-2
	250
	env7 -1,156,5,120,200,-2
	125
	env8 -1,156,5,120,200,-2

evt 107
	amp1 0,300

evt 108
	amp2 0,300

evt 110
	amp6 0,300
	pufpitch -1,7200,6600
	pufcf -1,80,77
	pufbw -1,60,55

evt 111
	env1 -1,156,5,120,200,-2

evt 112
	env2 -1,156,5,120,200,-2
	pufpitch -1,7200,6600,5800,4900,7900,9500,9200,9400
	pufcf -1,80,77,76,68,93,102,104,106
	pufbw -1,60,55,72,58,72,84,91,94
	pufvfreq -1,113,113,0,0,113,113,113,113
	env1 -1,156,5,120,200,-2
	shift3 111
	shift4 104
	shift7 0
	shift8 0
	shift5 0
	250
	env3 -1,156,5,120,200,-2
	125
	env4 -1,156,5,120,200,-2

evt 113
	env5 -1,156,5,120,200,-2
	env6 -1,156,5,120,200,-2

evt 114
	env7 -1,156,5,120,200,-2
	env8 -1,156,5,120,200,-2
	amp5 0
	amp6 0
	50
	pitch5 6900
	cf5 78
	bw5 55

evt 115
	env5 -1,156,5,120,200,-2

evt 116
	amp7 0
	amp8 0
	amp3 0
	amp4 0

evt 117
	amp5 0
	pitch3 6600
	cf3 81
	bw3 66
	shift3 101
	pitch4 5100
	shift4 104
	250
	env3 -1,156,5,120,200,-2
	125
	env4 -1,156,5,120,200,-2

evt 118
	amp1 0,200

evt 119
	amp2 0,200
	amp3 0,200
	amp4 0,200
	pufpitch -1,8100,8200,6600,6200,9000,9600,8200,8500
	pufcf -1,86,88,81,68,95,98,90,100
	pufbw -1,61,69,66,58,75,80,84,80

evt 120
	env1 -1,156,5,120,200,-2

evt 121
	env2 -1,156,5,120,200,-2
	125
	env3 -1,156,5,120,200,-2
	125
	env4 -1,156,5,120,200,-2

evt 122
	env5 -1,156,5,120,200,-2
	pitch7 4000
	cf7 62
	bw7 43
	vamp7 0
	vfreq7 0
	shift7 0

evt 123
	env6 -1,156,5,110,200,-2
	env7 -1,140,5,140,200,0,1000,-2

evt 124
	amp6 0,200

evt 125
	amp5 0,200
	amp7 0

evt 126
	env8 -1,156,5,120,200,-2
	pitch5 7100
	cf5 83
	bw5 62
	pitch6 7200
	cf6 90
	bw6 67

evt 127
	env5 -1,156,5,120,200,-2
	env6 -1,156,5,120,200,-2

evt 128
	env8 -1,156,5,120,200,-2

evt 129
	amp2 0,200
	amp7 0,200
	amp8 0,200

evt 130
	amp1 0,200
	amp3 0,200
	amp4 0,200
	amp5 0,200
	amp6 0,200
	pufpitch -1,8800,8300,8400,7800,5600,6700,7000,7500
	pufcf -1,97,95,95,88,66,78,79,84
	pufbw -1,69,64,79,72,58,63,51,50
	pufvfreq -1,113,113,0,0,0,0,113,113
	shift3 127
	shift4 129
	shift5 107
	shift6 112

evt 131
	env1 -1,156,5,120,200,-2

evt 132
	env2 -1,156,5,120,200,-2
	250
	env3 -1,156,5,120,200,-2
	125
	env4 -1,156,5,120,200,-2
	125
	env5 -1,156,5,120,200,-2
	125
	env6 -1,156,5,120,200,-2

evt 133
	env7 -1,156,5,120,200,-2

evt 134
	env8 -1,156,5,120,200,-2
	amp3 0,200
	amp4 0,200
	amp5 0,200
	amp6 0,200

evt 135
	amp1 0,200
	pufpitch -1,5900,6500,4800,5200,5100,6100

evt 136
	amp2 0
	pufpitch -1,5900,6500,4800,5200,5100,6100
	pufcf -1,61,69,57,57,60,64,90,92
	pufbw -1,49,59,44,47,43,53,61,59
	pufvfreq -1,0,0,0,0,0,0
	shift1 111
	shift2 111
	shift3 90
	shift4 102
	shift5 107
	shift6 112
	250
	env1 -1,156,5,120,200,-2
	env2 -1,156,5,120,200,-2
	125
	env3 -1,156,5,120,200,-2
	env4 -1,156,5,120,200,-2
	125
	env5 -1,156,5,120,200,-2
	env6 -1,156,5,120,200,-2

evt 137
	amp7 0,200
	amp8 0,200

evt 138
	amptutti6 0,200
	pufpitch -1,8300,8900,8400,8800,5600,6400,8500,7500
	pufcf -1,84,91,96,97,61,68,93,82
	pufbw -1,60,75,76,77,50,51,68,55
	pufvfreq -1,113,113,113,113,0,0,113,113
	shift1 0
	shift2 0
	shift3 0
	shift4 0
	shift7 0
	shift8 0

evt 139
	env1 -1,156,5,120,200,-2
	env2 -1,156,5,120,200,-2

evt 141
	env3 -1,156,5,120,200,-2
	env4 -1,156,5,120,200,-2
	env5 -1,156,5,120,200,-2
	env6 -1,156,5,120,200,-2

evt 143
	env7 -1,156,5,120,200,-2

evt 144
	env8 -1,156,5,120,200,-2
	amp1 0
	amp2 0

evt 145
	pufpitch -1,7400,6100
	pufcf -1,88,65
	pufbw -1,63,47
	pufvfreq -1,113,0
	50
	env1 -1,156,5,120,200,-2
	env2 -1,156,5,120,200,-2

evt 147
	amp8 0,200

evt 148
	amp7 0
	200
	amp3 0,200
	amp4 0,200
	pitch7 6700
	cf5 78
	bw5 73
	shift7 117
	pitch8 7100
	cf6 81
	bw6 73
	shift8 127

evt 149
	env7 -1,156,5,120,200,-2
	env8 -1,156,5,120,200,-2

evt 150
	amptutti8 0,1000

SECTION 4


evt 10
	pufpitch -1,8400,8200,6500,7800,9300
	pufcf -1,93,87,73,92,98
	pufbw -1,79,75,61,71,84

evt 11
	env1 -1,146,5,0,200,-2

evt 12
	env2 -1,146,5,0,200,-2

evt 13
	env4 -1,146,5,0,200,-2

evt 14
	env5 -1,146,5,0,200,-2
	150
	500
	amptutti6 0,127,2000

evt 15
	amptutti6 0,3000

evt 16
	pufpitch -1,5200,5800,6000,6300
	pufcf -1,59,64,67,68
	pufbw -1,48,52,52,50

evt 17
	amptutti4 127,1000

evt 18
	pufpitch -1,4500,5000,5600,6100
	pufcf -1,56,67,72,73
	pufbw -1,38,44,57,56

evt 19
	pufamp -1,127,127,123,123

evt 21
	1500
	pufpitch -1,9800,9700,9800,9700
	pufcf -1,113,110,115,114
	pufbw -1,97,97,99,99
	pufvfreq -1,113,115,111,118

evt 22
	amptutti4 0,127,50
	shift5 0
	shift6 0
	shift7 0
	shift8 0
	pufpitch -1,9800,9700,9800,9700,6500,6510,7100,7080
	pufcf -1,113,110,115,114,71,71,78,78
	pufbw -1,97,97,99,99,57,59,53,60
	pufvfreq -1,113,115,111,118,107,110,108,106

evt 23
	amp5 0,120,1000
	amp6 0,120,1000
	amp7 0,120,1000
	amp8 0,120,1000

evt 24
	amptutti4 118,1000

SECTION 5


evt 0
	pufpitch -1,9800,9700,9800,9700,6500,6510,7100,7080
	pufpitch -1,9800,9700,9800,9700,6500,6510,7100,7080
	pufcf -1,113,110,115,114,71,71,78,78
	pufbw -1,97,97,99,99,57,59,53,60
	pufvfreq -1,113,115,111,118,107,110,108,106
	pufamp -1,118,118,118,118,120,120,120,120

evt 1
	amptutti4 110,500
	amp5 110,500
	amp6 110,500
	amp7 110,500
	amp8 110,500

evt 6
	amptutti8 0,3000

SECTION 6


SECTION 7


evt 0
	100
	amptutti8 0,5
	pufpitch -1,8600,6800,9100
	pufcf -1,95,79,100
	pufbw -1,78,54,90
	pufvfreq -1,100,104,108
	pufvfreq -1,3,1,2

evt 1
	env1 -1,150,8,140,200,-2

evt 2
	env2 -1,150,8,125,200,-2

evt 3
	env3 -1,150,8,140,200,-2

evt 5
	amptutti4 0
	pufpitch -1,8100,6300,9400
	pufcf -1,91,72,108
	pufbw -1,76,54,102

evt 6
	pufpitch -1,8100,6300,9400
	pufcf -1,91,72,108
	pufbw -1,76,54,102
	env1 -1,150,8,130,200,-2

evt 7
	env2 -1,140,5,120,200,-2

evt 8
	env3 -1,140,1,100,200,-2

evt 10
	amptutti4 0
	amptutti4 0
	pufpitch -1,8700,8200,6400
	pufcf -1,91,87,81
	pufbw -1,76,72,70

evt 11
	env1 -1,150,1,130,200,-2
	pufpitch -1,8751,8200,6400
	pufcf -1,91,87,81
	pufbw -1,76,72,70

evt 12
	env2 -1,150,8,127,200,-2
	200
	env3 -1,150,8,127,200,-2

evt 16
	amptutti4 0

SECTION 8


SECTION 9


SECTION 10


SECTION 11


SECTION 12


SECTION 13


evt 1
	amp1 123,500
	pitch1 8100
	cf1 98
	bw1 68

evt 12
	amp1 0
	pufpitch -1,6400,6700,5600,6200
	pufcf -1,73,82,70,71
	pufbw -1,49,55,41,57

evt 13
	amp1 127,1000

evt 15
	amp2 127,1000

evt 18
	amp3 127,10
	300
	vamp3 3,1000
	vfreq3 50,1000

evt 22
	amp4 141,1000

evt 23
	amptutti4 0
	pufpitch -1,6100,6300,6400,6600,6700
	pufcf -1,69,70,74,74,78
	pufbw -1,49,53,47,57,59

evt 25
	400
	amptutti4 127,500
	amp5 131,500

evt 26